%ANN_ERR: 0.0189647
%MRG_EPS: 0.1
%SYN_STR: 
%SYM_FRQ: 0.960237 0.00263413 0.0371287 
%PITILDE: size(22)
#PITILDE
0.84984 0.0048684 0.145291 
0.968691 0.00239229 0.0289167 
0.867912 0.00695608 0.125132 
0.887309 0.0142214 0.0984698 
0.856691 0.00468569 0.138624 
0.800071 0.0053557 0.194574 
0.888889 0.0555556 0.0555556 
0.756757 0.0405405 0.202703 
0.736728 0.0078329 0.25544 
0.711538 0.0192308 0.269231 
0.790228 0.00343226 0.20634 
0.6 0.2 0.2 
0.547486 0.00670391 0.44581 
0.5 0 0.5 
0.545455 0.030303 0.424242 
0.434308 0.00495786 0.560734 
0.518892 0.00251889 0.478589 
0 1 0 
0.5 0.0714286 0.428571 
0.6 0.2 0.2 
0.257198 0.00407869 0.738724 
0.5 0 0.5 
%CONNX: size(22)
#CONNX
0 1 2 
1 3 2 
1 4 5 
2 6 5 
2 7 8 
4 9 10 
0 11 12 
10 0 12 
2 0 5 
8 13 10 
5 14 15 
0 11 12 
0 0 16 
16 0 15 
2 17 18 
12 19 20 
0 0 0 
0 0 0 
0 0 10 
5 16 21 
10 15 20 
0 0 15 

