0.270572 0.363722 0.365706 
0.255515 0.336007 0.408478 
0.624911 0.16026 0.214828 
0.535872 0.228109 0.236019 
0.605141 0.190846 0.204013 
0.488864 0.245116 0.26602 
0.508845 0.254887 0.236268 
0.556508 0.217759 0.225733 
0.27238 0.357904 0.369716 
0.304558 0.342953 0.352489 
0.385668 0.315666 0.298667 
0.427581 0.285072 0.287347 
0.535857 0.234485 0.229658 
0.678052 0.15615 0.165798 
0.53285 0.269923 0.197227 
