2.69541e-07 0.459847 0.540152 
5.19477e-31 0.523453 0.476547 
1.28202e-05 0.652453 0.347534 
3.15808e-05 0.533871 0.466097 
8.24305e-31 0.433829 0.566171 
7.81693e-31 0.684831 0.315169 
3.49158e-06 0.522211 0.477786 
0.0169158 0.655938 0.327146 
0.0201213 0.493302 0.486576 
0.00634835 0.722146 0.271506 
7.48512e-31 0.475822 0.524178 
0.00123217 0.599653 0.399115 
3.05763e-06 0.53041 0.469587 
7.24247e-31 0.473684 0.526316 
4.36479e-06 0.497933 0.502062 
