5.6084e-31 0.55592 0.44408 
7.63541e-31 0.499589 0.500411 
8.30233e-31 0.585221 0.414779 
2.39678e-05 0.509013 0.490963 
3.75496e-07 0.501405 0.498594 
1.07317e-05 0.410848 0.589141 
1.09206e-05 0.897341 0.102648 
4.96508e-31 0.500073 0.499927 
6.00382e-31 0.495892 0.504108 
7.64218e-05 0.48695 0.512974 
5.5177e-07 0.498361 0.501638 
7.70111e-31 0.48314 0.51686 
8.25673e-31 0.424236 0.575764 
8.20068e-31 0.547092 0.452908 
6.40499e-31 0.491319 0.508681 
