0.652893 6.52893e-31 0.347107 
0.536913 5.36913e-31 0.463087 
0.601504 6.01504e-31 0.398496 
0.769231 7.69231e-31 0.230769 
0.617187 6.17187e-31 0.382813 
0.634921 6.34921e-31 0.365079 
0.571429 5.71429e-31 0.428571 
0.634921 6.34921e-31 0.365079 
0.555556 5.55556e-31 0.444444 
0.909091 9.09091e-31 0.0909091 
0.588235 5.88235e-31 0.411765 
0.747664 7.47664e-31 0.252336 
0.898876 8.98876e-31 0.101124 
0.645161 6.45161e-31 0.354839 
0.683761 6.83761e-31 0.316239 
