0.647482 6.47482e-31 0.352518 
0.636042 6.36042e-31 0.363958 
0.895522 8.95522e-31 0.104478 
0.659341 6.59341e-31 0.340659 
0.786026 7.86026e-31 0.213974 
0.972973 1.08099e-30 0.027027 
0.507042 5.63335e-31 0.492958 
0.555556 5.55556e-31 0.444444 
0.666667 6.66667e-31 0.333333 
0.507042 5.63335e-31 0.492958 
0.526316 5.26316e-31 0.473684 
0.734694 7.34694e-31 0.265306 
0.532544 5.32544e-31 0.467456 
0.545455 5.45455e-31 0.454545 
0.989011 9.89011e-31 0.010989 
