0.25 0.5 0.25 
0.0883661 0.846833 0.0648006 
0.0855328 0.832308 0.0821592 
0.328751 0.34736 0.323889 
0.0714286 0.857143 0.0714286 
0.285431 0.433935 0.280634 
0.0588235 0.882353 0.0588235 
0.241379 0.517241 0.241379 
0.142857 0.714286 0.142857 
0.113819 0.787954 0.0982279 
0.211538 0.576923 0.211538 
0.128968 0.821588 0.0494439 
0.114776 0.768809 0.116415 
0.435764 0.363172 0.201064 
0.225806 0.59358 0.180614 
